35,3
35,2
35,1
35,0
34,3
34,2
34,1
34,0
33,3
33,2
0,318
0,317
0,316
33,1
33,0
32,5
32,4
32,3
32,2
32,1
32,0
31,4
31,3
31,2
31,1
31,0
30,6
30,5
30,4
30,3
30,2
30,1
30,0
29,4
29,3
29,2
29,1
29,0
28,5
28,4
28,3
28,2
28,1
28,0
27,4
27,3
27,2
27,1
27,0
26,4
26,3
26,2
26,1
26,0
0,283
25,4
25,3
25,2
25,1
25,0
24,4
24,3
24,2
0,9
24,1
24,0
23,40
23,39
23,38
23,37
23,36
23,35
3,2
10,194
10,135
10,146
10,151
10,94
10,176
10,2
10,3
11,11
11,12
11,19
11,5
11,7
11,2
11,3
9,5
9,2
9,3
8,5
8,8
8,2
8,3
12,2
12,1
12,3
11,30
11,29
11,28
11,27
11,26
11,25
11,24
11,23
11,22
11,1
11,21
10,316
10,315
10,314
10,313
10,312
10,311
10,310
10,309
10,308
10,307
10,306
10,305
10,304
10,303
10,302
20,2
10,301
20,1
